0 0.296875 0.48671875 0.04296875 0.08046875
1 0.16015625 0.51796875 0.053125 0.0625
1 0.49296875 0.33046875 0.0453125 0.08046875
0 0.31015625 0.60078125 0.05859375 0.08515625
1 0.72890625 0.2578125 0.040625 0.0578125
1 0.9578125 0.23671875 0.0421875 0.06328125
1 0.01484375 0.3546875 0.0296875 0.0671875
1 0.58984375 0.246875 0.05 0.06484375
1 0.6546875 0.2015625 0.0359375 0.08203125
1 0.5171875 0.52734375 0.05390625 0.071875
1 0.19921875 0.3421875 0.0453125 0.0921875
1 0.24296875 0.2046875 0.06171875 0.075
1 0.30390625 0.2109375 0.0296875 0.06328125
1 0.46015625 0.45703125 0.0328125 0.06640625