0 0.28359375 0.4953125 0.04140625 0.078125
1 0.15078125 0.52578125 0.05234375 0.0609375
1 0.475 0.34375 0.04453125 0.078125
0 0.296875 0.60625 0.05703125 0.0828125
1 0.7046875 0.27265625 0.03984375 0.05703125
1 0.92734375 0.25234375 0.04140625 0.06171875
1 0.01171875 0.3671875 0.0234375 0.06484375
1 0.56953125 0.26171875 0.0484375 0.0625
1 0.63203125 0.21796875 0.03515625 0.0796875
1 0.4984375 0.53515625 0.05234375 0.06953125
1 0.1890625 0.35546875 0.04453125 0.0890625
1 0.23125 0.22109375 0.06015625 0.07265625
1 0.290625 0.22734375 0.02890625 0.06171875
1 0.44296875 0.46640625 0.03203125 0.06484375