0 0.90234375 0.33828125 0.03203125 0.0421875
1 0.80390625 0.36953125 0.04765625 0.06328125
1 0.35078125 0.375 0.05 0.0671875
1 0.6453125 0.38203125 0.0421875 0.07421875
1 0.4578125 0.29765625 0.0265625 0.04609375
1 0.5453125 0.3328125 0.02421875 0.05625
1 0.58984375 0.56796875 0.05546875 0.09296875
1 0.71875 0.31796875 0.04609375 0.05078125
1 0.59140625 0.31328125 0.04609375 0.04453125
1 0.62734375 0.28359375 0.02890625 0.05078125
1 0.3875 0.2515625 0.02578125 0.040625
1 0.33125 0.27109375 0.01484375 0.02890625
1 0.4734375 0.26328125 0.0140625 0.0328125