0 0.28984375 0.50859375 0.03984375 0.075
1 0.1625 0.5375 0.05 0.05859375
1 0.4734375 0.3625 0.0421875 0.075
0 0.30234375 0.61484375 0.0546875 0.07890625
1 0.69375 0.29453125 0.03828125 0.05390625
1 0.9078125 0.275 0.03984375 0.059375
1 0.02109375 0.3875 0.04140625 0.0640625
1 0.5640625 0.284375 0.04609375 0.06015625
1 0.62421875 0.2421875 0.03359375 0.0765625
1 0.49609375 0.546875 0.05 0.0671875
1 0.1984375 0.37421875 0.0421875 0.0859375
1 0.2390625 0.2453125 0.0578125 0.06953125
1 0.296875 0.25078125 0.028125 0.05859375
1 0.44296875 0.48046875 0.03125 0.0625